Range start,Value,Red,Green,Blue
0,3969984.0,3969984.0,3969984.0,3969984.0
1,3969984.0,3969984.0,3969984.0,3969984.0
2,3969984.0,3969984.0,3969984.0,3969984.0
3,3969984.0,3969984.0,3969984.0,3969984.0
4,3969984.0,3969984.0,3969984.0,3969984.0
5,3969984.0,3969984.0,3969984.0,3969984.0
6,3969984.0,3969984.0,3969984.0,3969984.0
7,3969984.0,3969984.0,3969984.0,3969984.0
8,3969984.0,3969984.0,3969984.0,3969984.0
9,3969984.0,3969984.0,3969984.0,3969984.0
10,3969984.0,3969984.0,3969984.0,3969984.0
11,3969984.0,3969984.0,3969984.0,3969984.0
12,3969984.0,3969984.0,3969984.0,3969984.0
13,3969984.0,3969984.0,3969984.0,3969984.0
14,3969984.0,3969984.0,3969984.0,3969984.0
15,3969984.0,3969984.0,3969984.0,3969984.0
16,3969984.0,3969984.0,3969984.0,3969984.0
17,3969984.0,3969984.0,3969984.0,3969984.0
18,3969984.0,3969984.0,3969984.0,3969984.0
19,3969984.0,3969984.0,3969984.0,3969984.0
20,3969984.0,3969984.0,3969984.0,3969984.0
21,3969984.0,3969984.0,3969984.0,3969984.0
22,3969984.0,3969984.0,3969984.0,3969984.0
23,3969984.0,3969984.0,3969984.0,3969984.0
24,3969984.0,3969984.0,3969984.0,3969984.0
25,3969984.0,3969984.0,3969984.0,3969984.0
26,3969984.0,3969984.0,3969984.0,3969984.0
27,3969984.0,3969984.0,3969984.0,3969984.0
28,3969984.0,3969984.0,3969984.0,3969984.0
29,3969984.0,3969984.0,3969984.0,3969984.0
30,3969984.0,3969984.0,3969984.0,3969984.0
31,3969984.0,3969984.0,3969984.0,3969984.0
32,3969984.0,3969984.0,3969984.0,3969984.0
33,3969984.0,3969984.0,3969984.0,3969984.0
34,3969984.0,3969984.0,3969984.0,3969984.0
35,3969984.0,3969984.0,3969984.0,3969984.0
36,3969984.0,3969984.0,3969984.0,3969984.0
37,3969984.0,3969984.0,3969984.0,3969984.0
38,3969984.0,3969984.0,3969984.0,3969984.0
39,3969984.0,3969984.0,3969984.0,3969984.0
40,3969984.0,3969984.0,3969984.0,3969984.0
41,3969984.0,3969984.0,3969984.0,3969984.0
42,3969984.0,3969984.0,3969984.0,3969984.0
43,3969984.0,3969984.0,3969984.0,3969984.0
44,3969984.0,3969984.0,3969984.0,3969984.0
45,3969984.0,3969984.0,3969984.0,3969984.0
46,3969984.0,3969984.0,3969984.0,3969984.0
47,3969984.0,3969984.0,3969984.0,3969984.0
48,3969984.0,3969984.0,3969984.0,3969984.0
49,3969984.0,3969984.0,3969984.0,3969984.0
50,3969984.0,3969984.0,3969984.0,3969984.0
51,3969984.0,3969984.0,3969984.0,3969984.0
52,3969984.0,3969984.0,3969984.0,3969984.0
53,3969984.0,3969984.0,3969984.0,3969984.0
54,3969984.0,3969984.0,3969984.0,3969984.0
55,3969984.0,3969984.0,3969984.0,3969984.0
56,3969984.0,3969984.0,3969984.0,3969984.0
57,3969984.0,3969984.0,3969984.0,3969984.0
58,3969984.0,3969984.0,3969984.0,3969984.0
59,3969984.0,3969984.0,3969984.0,3969984.0
60,3969984.0,3969984.0,3969984.0,3969984.0
61,3969984.0,3969984.0,3969984.0,3969984.0
62,3969984.0,3969984.0,3969984.0,3969984.0
63,3969984.0,3969984.0,3969984.0,3969984.0
64,3969984.0,3969984.0,3969984.0,3969984.0
65,3969984.0,3969984.0,3969984.0,3969984.0
66,3969984.0,3969984.0,3969984.0,3969984.0
67,3969984.0,3969984.0,3969984.0,3969984.0
68,3969984.0,3969984.0,3969984.0,3969984.0
69,3969984.0,3969984.0,3969984.0,3969984.0
70,3969984.0,3969984.0,3969984.0,3969984.0
71,3969984.0,3969984.0,3969984.0,3969984.0
72,3969984.0,3969984.0,3969984.0,3969984.0
73,3969984.0,3969984.0,3969984.0,3969984.0
74,3969984.0,3969984.0,3969984.0,3969984.0
75,3969984.0,3969984.0,3969984.0,3969984.0
76,3969984.0,3969984.0,3969984.0,3969984.0
77,3969984.0,3969984.0,3969984.0,3969984.0
78,3969984.0,3969984.0,3969984.0,3969984.0
79,3969984.0,3969984.0,3969984.0,3969984.0
80,3969984.0,3969984.0,3969984.0,3969984.0
81,3969984.0,3969984.0,3969984.0,3969984.0
82,3969984.0,3969984.0,3969984.0,3969984.0
83,3969984.0,3969984.0,3969984.0,3969984.0
84,3969984.0,3969984.0,3969984.0,3969984.0
85,3969984.0,3969984.0,3969984.0,3969984.0
86,3969984.0,3969984.0,3969984.0,3969984.0
87,3969984.0,3969984.0,3969984.0,3969984.0
88,3969984.0,3969984.0,3969984.0,3969984.0
89,3969984.0,3969984.0,3969984.0,3969984.0
90,3969984.0,3969984.0,3969984.0,3969984.0
91,3969984.0,3969984.0,3969984.0,3969984.0
92,3969984.0,3969984.0,3969984.0,3969984.0
93,3969984.0,3969984.0,3969984.0,3969984.0
94,3969984.0,3969984.0,3969984.0,3969984.0
95,3969984.0,3969984.0,3969984.0,3969984.0
96,3969984.0,3969984.0,3969984.0,3969984.0
97,3969984.0,3969984.0,3969984.0,3969984.0
98,3969984.0,3969984.0,3969984.0,3969984.0
99,3969984.0,3969984.0,3969984.0,3969984.0
100,3969984.0,3969984.0,3969984.0,3969984.0
101,3969984.0,3969984.0,3969984.0,3969984.0
102,3969984.0,3969984.0,3969984.0,3969984.0
103,3969984.0,3969984.0,3969984.0,3969984.0
104,3969984.0,3969984.0,3969984.0,3969984.0
105,3969984.0,3969984.0,3969984.0,3969984.0
106,3969984.0,3969984.0,3969984.0,3969984.0
107,3969984.0,3969984.0,3969984.0,3969984.0
108,3969984.0,3969984.0,3969984.0,3969984.0
109,3969984.0,3969984.0,3969984.0,3969984.0
110,3969984.0,3969984.0,3969984.0,3969984.0
111,3969984.0,3969984.0,3969984.0,3969984.0
112,3969984.0,3969984.0,3969984.0,3969984.0
113,3969984.0,3969984.0,3969984.0,3969984.0
114,3969984.0,3969984.0,3969984.0,3969984.0
115,3969984.0,3969984.0,3969984.0,3969984.0
116,3969984.0,3969984.0,3969984.0,3969984.0
117,3969984.0,3969984.0,3969984.0,3969984.0
118,3969984.0,3969984.0,3969984.0,3969984.0
119,3969984.0,3969984.0,3969984.0,3969984.0
120,3969984.0,3969984.0,3969984.0,3969984.0
121,3969984.0,3969984.0,3969984.0,3969984.0
122,3969984.0,3969984.0,3969984.0,3969984.0
123,3969984.0,3969984.0,3969984.0,3969984.0
124,3969984.0,3969984.0,3969984.0,3969984.0
125,3969984.0,3969984.0,3969984.0,3969984.0
126,3969984.0,3969984.0,3969984.0,3969984.0
127,3969984.0,3969984.0,3969984.0,3969984.0
128,3969984.0,3969984.0,3969984.0,3969984.0
129,3969984.0,3969984.0,3969984.0,3969984.0
130,3969984.0,3969984.0,3969984.0,3969984.0
131,3969984.0,3969984.0,3969984.0,3969984.0
132,3969984.0,3969984.0,3969984.0,3969984.0
133,3969984.0,3969984.0,3969984.0,3969984.0
134,3969984.0,3969984.0,3969984.0,3969984.0
135,3969984.0,3969984.0,3969984.0,3969984.0
136,3969984.0,3969984.0,3969984.0,3969984.0
137,3969984.0,3969984.0,3969984.0,3969984.0
138,3969984.0,3969984.0,3969984.0,3969984.0
139,3969984.0,3969984.0,3969984.0,3969984.0
140,3969984.0,3969984.0,3969984.0,3969984.0
141,3969984.0,3969984.0,3969984.0,3969984.0
142,3969984.0,3969984.0,3969984.0,3969984.0
143,3969984.0,3969984.0,3969984.0,3969984.0
144,3969984.0,3969984.0,3969984.0,3969984.0
145,3969984.0,3969984.0,3969984.0,3969984.0
146,3969984.0,3969984.0,3969984.0,3969984.0
147,3969984.0,3969984.0,3969984.0,3969984.0
148,3969984.0,3969984.0,3969984.0,3969984.0
149,3969984.0,3969984.0,3969984.0,3969984.0
150,3969984.0,3969984.0,3969984.0,3969984.0
151,3969984.0,3969984.0,3969984.0,3969984.0
152,3969984.0,3969984.0,3969984.0,3969984.0
153,3969984.0,3969984.0,3969984.0,3969984.0
154,3969984.0,3969984.0,3969984.0,3969984.0
155,3969984.0,3969984.0,3969984.0,3969984.0
156,3969984.0,3969984.0,3969984.0,3969984.0
157,3969984.0,3969984.0,3969984.0,3969984.0
158,3969984.0,3969984.0,3969984.0,3969984.0
159,3969984.0,3969984.0,3969984.0,3969984.0
160,3969984.0,3969984.0,3969984.0,3969984.0
161,3969984.0,3969984.0,3969984.0,3969984.0
162,3969984.0,3969984.0,3969984.0,3969984.0
163,3969984.0,3969984.0,3969984.0,3969984.0
164,3969984.0,3969984.0,3969984.0,3969984.0
165,3969984.0,3969984.0,3969984.0,3969984.0
166,3969984.0,3969984.0,3969984.0,3969984.0
167,3969984.0,3969984.0,3969984.0,3969984.0
168,3969984.0,3969984.0,3969984.0,3969984.0
169,3969984.0,3969984.0,3969984.0,3969984.0
170,3969984.0,3969984.0,3969984.0,3969984.0
171,3969984.0,3969984.0,3969984.0,3969984.0
172,3969984.0,3969984.0,3969984.0,3969984.0
173,3969984.0,3969984.0,3969984.0,3969984.0
174,3969984.0,3969984.0,3969984.0,3969984.0
175,3969984.0,3969984.0,3969984.0,3969984.0
176,3969984.0,3969984.0,3969984.0,3969984.0
177,3969984.0,3969984.0,3969984.0,3969984.0
178,3969984.0,3969984.0,3969984.0,3969984.0
179,3969984.0,3969984.0,3969984.0,3969984.0
180,3969984.0,3969984.0,3969984.0,3969984.0
181,3969984.0,3969984.0,3969984.0,3969984.0
182,3969984.0,3969984.0,3969984.0,3969984.0
183,3969984.0,3969984.0,3969984.0,3969984.0
184,3969984.0,3969984.0,3969984.0,3969984.0
185,3969984.0,3969984.0,3969984.0,3969984.0
186,3969984.0,3969984.0,3969984.0,3969984.0
187,3969984.0,3969984.0,3969984.0,3969984.0
188,3969984.0,3969984.0,3969984.0,3969984.0
189,3969984.0,3969984.0,3969984.0,3969984.0
190,3969984.0,3969984.0,3969984.0,3969984.0
191,3969984.0,3969984.0,3969984.0,3969984.0
192,3969984.0,3969984.0,3969984.0,3969984.0
193,3969984.0,3969984.0,3969984.0,3969984.0
194,3969984.0,3969984.0,3969984.0,3969984.0
195,3969984.0,3969984.0,3969984.0,3969984.0
196,3969984.0,3969984.0,3969984.0,3969984.0
197,3969984.0,3969984.0,3969984.0,3969984.0
198,3969984.0,3969984.0,3969984.0,3969984.0
199,3969984.0,3969984.0,3969984.0,3969984.0
200,3969984.0,3969984.0,3969984.0,3969984.0
201,3969984.0,3969984.0,3969984.0,3969984.0
202,3969984.0,3969984.0,3969984.0,3969984.0
203,3969984.0,3969984.0,3969984.0,3969984.0
204,3969984.0,3969984.0,3969984.0,3969984.0
205,3969984.0,3969984.0,3969984.0,3969984.0
206,3969984.0,3969984.0,3969984.0,3969984.0
207,3969984.0,3969984.0,3969984.0,3969984.0
208,3969984.0,3969984.0,3969984.0,3969984.0
209,3969984.0,3969984.0,3969984.0,3969984.0
210,3969984.0,3969984.0,3969984.0,3969984.0
211,3969984.0,3969984.0,3969984.0,3969984.0
212,3969984.0,3969984.0,3969984.0,3969984.0
213,3969984.0,3969984.0,3969984.0,3969984.0
214,3969984.0,3969984.0,3969984.0,3969984.0
215,3969984.0,3969984.0,3969984.0,3969984.0
216,3969984.0,3969984.0,3969984.0,3969984.0
217,3969984.0,3969984.0,3969984.0,3969984.0
218,3969984.0,3969984.0,3969984.0,3969984.0
219,3969984.0,3969984.0,3969984.0,3969984.0
220,3969984.0,3969984.0,3969984.0,3969984.0
221,3969984.0,3969984.0,3969984.0,3969984.0
222,3969984.0,3969984.0,3969984.0,3969984.0
223,3969984.0,3969984.0,3969984.0,3969984.0
224,3969984.0,3969984.0,3969984.0,3969984.0
225,3969984.0,3969984.0,3969984.0,3969984.0
226,3969984.0,3969984.0,3969984.0,3969984.0
227,3969984.0,3969984.0,3969984.0,3969984.0
228,3969984.0,3969984.0,3969984.0,3969984.0
229,3969984.0,3969984.0,3969984.0,3969984.0
230,3969984.0,3969984.0,3969984.0,3969984.0
231,3969984.0,3969984.0,3969984.0,3969984.0
232,3969984.0,3969984.0,3969984.0,3969984.0
233,3969984.0,3969984.0,3969984.0,3969984.0
234,3969984.0,3969984.0,3969984.0,3969984.0
235,3969984.0,3969984.0,3969984.0,3969984.0
236,3969984.0,3969984.0,3969984.0,3969984.0
237,3969984.0,3969984.0,3969984.0,3969984.0
238,3969984.0,3969984.0,3969984.0,3969984.0
239,3969984.0,3969984.0,3969984.0,3969984.0
240,3969984.0,3969984.0,3969984.0,3969984.0
241,3969984.0,3969984.0,3969984.0,3969984.0
242,3969984.0,3969984.0,3969984.0,3969984.0
243,3969984.0,3969984.0,3969984.0,3969984.0
244,3969984.0,3969984.0,3969984.0,3969984.0
245,3969984.0,3969984.0,3969984.0,3969984.0
246,3969984.0,3969984.0,3969984.0,3969984.0
247,3969984.0,3969984.0,3969984.0,3969984.0
248,3969984.0,3969984.0,3969984.0,3969984.0
249,3969984.0,3969984.0,3969984.0,3969984.0
250,3969984.0,3969984.0,3969984.0,3969984.0
251,3969984.0,3969984.0,3969984.0,3969984.0
252,3969984.0,3969984.0,3969984.0,3969984.0
253,3969984.0,3969984.0,3969984.0,3969984.0
254,3969984.0,3969984.0,3969984.0,3969984.0
255,3969984.0,3969984.0,3969984.0,3969984.0
